{
 "cells": [
  {
   "attachments": {},
   "cell_type": "markdown",
   "metadata": {},
   "source": [
    "\"Find euclidean distances for all songs and try it with different features.\""
   ]
  },
  {
   "cell_type": "code",
   "execution_count": 2,
   "metadata": {},
   "outputs": [],
   "source": [
    "#1. Import Modules:\n",
    "import pandas as pd\n",
    "import matplotlib.pyplot as plt\n",
    "import seaborn as sns\n",
    "from sklearn.metrics.pairwise import euclidean_distances"
   ]
  },
  {
   "cell_type": "code",
   "execution_count": 3,
   "metadata": {},
   "outputs": [
    {
     "data": {
      "text/html": [
       "<div>\n",
       "<style scoped>\n",
       "    .dataframe tbody tr th:only-of-type {\n",
       "        vertical-align: middle;\n",
       "    }\n",
       "\n",
       "    .dataframe tbody tr th {\n",
       "        vertical-align: top;\n",
       "    }\n",
       "\n",
       "    .dataframe thead th {\n",
       "        text-align: right;\n",
       "    }\n",
       "</style>\n",
       "<table border=\"1\" class=\"dataframe\">\n",
       "  <thead>\n",
       "    <tr style=\"text-align: right;\">\n",
       "      <th></th>\n",
       "      <th>0</th>\n",
       "      <th>1</th>\n",
       "      <th>2</th>\n",
       "      <th>3</th>\n",
       "      <th>4</th>\n",
       "      <th>5</th>\n",
       "      <th>6</th>\n",
       "      <th>7</th>\n",
       "      <th>8</th>\n",
       "      <th>9</th>\n",
       "    </tr>\n",
       "  </thead>\n",
       "  <tbody>\n",
       "    <tr>\n",
       "      <th>0</th>\n",
       "      <td>0.000000</td>\n",
       "      <td>14573.008289</td>\n",
       "      <td>86373.004024</td>\n",
       "      <td>19214.006953</td>\n",
       "      <td>96506.007932</td>\n",
       "      <td>49851.008398</td>\n",
       "      <td>139947.000719</td>\n",
       "      <td>94967.000737</td>\n",
       "      <td>188973.011453</td>\n",
       "      <td>30346.063953</td>\n",
       "    </tr>\n",
       "    <tr>\n",
       "      <th>1</th>\n",
       "      <td>14573.008289</td>\n",
       "      <td>0.000000</td>\n",
       "      <td>71800.011435</td>\n",
       "      <td>33787.011459</td>\n",
       "      <td>81933.018075</td>\n",
       "      <td>64424.015061</td>\n",
       "      <td>154520.002592</td>\n",
       "      <td>109540.002803</td>\n",
       "      <td>174400.007754</td>\n",
       "      <td>15773.071995</td>\n",
       "    </tr>\n",
       "    <tr>\n",
       "      <th>2</th>\n",
       "      <td>86373.004024</td>\n",
       "      <td>71800.011435</td>\n",
       "      <td>0.000000</td>\n",
       "      <td>105587.000950</td>\n",
       "      <td>10133.013478</td>\n",
       "      <td>136224.000197</td>\n",
       "      <td>226320.000340</td>\n",
       "      <td>181340.000693</td>\n",
       "      <td>102600.034253</td>\n",
       "      <td>56027.060661</td>\n",
       "    </tr>\n",
       "    <tr>\n",
       "      <th>3</th>\n",
       "      <td>19214.006953</td>\n",
       "      <td>33787.011459</td>\n",
       "      <td>105587.000950</td>\n",
       "      <td>0.000000</td>\n",
       "      <td>115720.003978</td>\n",
       "      <td>30637.006573</td>\n",
       "      <td>120733.000183</td>\n",
       "      <td>75753.000175</td>\n",
       "      <td>208187.011705</td>\n",
       "      <td>49560.047051</td>\n",
       "    </tr>\n",
       "    <tr>\n",
       "      <th>4</th>\n",
       "      <td>96506.007932</td>\n",
       "      <td>81933.018075</td>\n",
       "      <td>10133.013478</td>\n",
       "      <td>115720.003978</td>\n",
       "      <td>0.000000</td>\n",
       "      <td>146357.000380</td>\n",
       "      <td>236453.001515</td>\n",
       "      <td>191473.002481</td>\n",
       "      <td>92467.054223</td>\n",
       "      <td>66160.073217</td>\n",
       "    </tr>\n",
       "    <tr>\n",
       "      <th>5</th>\n",
       "      <td>49851.008398</td>\n",
       "      <td>64424.015061</td>\n",
       "      <td>136224.000197</td>\n",
       "      <td>30637.006573</td>\n",
       "      <td>146357.000380</td>\n",
       "      <td>0.000000</td>\n",
       "      <td>90096.001465</td>\n",
       "      <td>45116.004565</td>\n",
       "      <td>238824.016873</td>\n",
       "      <td>80197.048206</td>\n",
       "    </tr>\n",
       "    <tr>\n",
       "      <th>6</th>\n",
       "      <td>139947.000719</td>\n",
       "      <td>154520.002592</td>\n",
       "      <td>226320.000340</td>\n",
       "      <td>120733.000183</td>\n",
       "      <td>236453.001515</td>\n",
       "      <td>90096.001465</td>\n",
       "      <td>0.000000</td>\n",
       "      <td>44980.000192</td>\n",
       "      <td>328920.008328</td>\n",
       "      <td>170293.015161</td>\n",
       "    </tr>\n",
       "    <tr>\n",
       "      <th>7</th>\n",
       "      <td>94967.000737</td>\n",
       "      <td>109540.002803</td>\n",
       "      <td>181340.000693</td>\n",
       "      <td>75753.000175</td>\n",
       "      <td>191473.002481</td>\n",
       "      <td>45116.004565</td>\n",
       "      <td>44980.000192</td>\n",
       "      <td>0.000000</td>\n",
       "      <td>283940.008596</td>\n",
       "      <td>125313.018301</td>\n",
       "    </tr>\n",
       "    <tr>\n",
       "      <th>8</th>\n",
       "      <td>188973.011453</td>\n",
       "      <td>174400.007754</td>\n",
       "      <td>102600.034253</td>\n",
       "      <td>208187.011705</td>\n",
       "      <td>92467.054223</td>\n",
       "      <td>238824.016873</td>\n",
       "      <td>328920.008328</td>\n",
       "      <td>283940.008596</td>\n",
       "      <td>0.000000</td>\n",
       "      <td>158627.000245</td>\n",
       "    </tr>\n",
       "    <tr>\n",
       "      <th>9</th>\n",
       "      <td>30346.063953</td>\n",
       "      <td>15773.071995</td>\n",
       "      <td>56027.060661</td>\n",
       "      <td>49560.047051</td>\n",
       "      <td>66160.073217</td>\n",
       "      <td>80197.048206</td>\n",
       "      <td>170293.015161</td>\n",
       "      <td>125313.018301</td>\n",
       "      <td>158627.000245</td>\n",
       "      <td>0.000000</td>\n",
       "    </tr>\n",
       "  </tbody>\n",
       "</table>\n",
       "</div>"
      ],
      "text/plain": [
       "               0              1              2              3              4  \\\n",
       "0       0.000000   14573.008289   86373.004024   19214.006953   96506.007932   \n",
       "1   14573.008289       0.000000   71800.011435   33787.011459   81933.018075   \n",
       "2   86373.004024   71800.011435       0.000000  105587.000950   10133.013478   \n",
       "3   19214.006953   33787.011459  105587.000950       0.000000  115720.003978   \n",
       "4   96506.007932   81933.018075   10133.013478  115720.003978       0.000000   \n",
       "5   49851.008398   64424.015061  136224.000197   30637.006573  146357.000380   \n",
       "6  139947.000719  154520.002592  226320.000340  120733.000183  236453.001515   \n",
       "7   94967.000737  109540.002803  181340.000693   75753.000175  191473.002481   \n",
       "8  188973.011453  174400.007754  102600.034253  208187.011705   92467.054223   \n",
       "9   30346.063953   15773.071995   56027.060661   49560.047051   66160.073217   \n",
       "\n",
       "               5              6              7              8              9  \n",
       "0   49851.008398  139947.000719   94967.000737  188973.011453   30346.063953  \n",
       "1   64424.015061  154520.002592  109540.002803  174400.007754   15773.071995  \n",
       "2  136224.000197  226320.000340  181340.000693  102600.034253   56027.060661  \n",
       "3   30637.006573  120733.000183   75753.000175  208187.011705   49560.047051  \n",
       "4  146357.000380  236453.001515  191473.002481   92467.054223   66160.073217  \n",
       "5       0.000000   90096.001465   45116.004565  238824.016873   80197.048206  \n",
       "6   90096.001465       0.000000   44980.000192  328920.008328  170293.015161  \n",
       "7   45116.004565   44980.000192       0.000000  283940.008596  125313.018301  \n",
       "8  238824.016873  328920.008328  283940.008596       0.000000  158627.000245  \n",
       "9   80197.048206  170293.015161  125313.018301  158627.000245       0.000000  "
      ]
     },
     "execution_count": 3,
     "metadata": {},
     "output_type": "execute_result"
    }
   ],
   "source": [
    "#2.Read .csv, clean csv from useless DataTypes, nail the job:\n",
    "tensongs = pd.read_csv(r'df_audio_features_10.csv')\n",
    "tensongs # see what to drop\n",
    "# Drop columns with shitty DataTypes:\n",
    "somecolumnswereshit = tensongs[[\"danceability\", \"energy\", \"loudness\", \"speechiness\", \"acousticness\", \"instrumentalness\", \"liveness\", \"valence\", \"tempo\", \"duration_ms\"]]\n",
    "somecolumnswereshit #see if it works\n",
    "# Tried to insert songnames as index, but failed\n",
    "epicsolution = pd.DataFrame(euclidean_distances(somecolumnswereshit), index=somecolumnswereshit.index, columns=somecolumnswereshit.index)\n",
    "epicsolution\n",
    "# gg ez"
   ]
  }
 ],
 "metadata": {
  "kernelspec": {
   "display_name": "Python 3",
   "language": "python",
   "name": "python3"
  },
  "language_info": {
   "codemirror_mode": {
    "name": "ipython",
    "version": 3
   },
   "file_extension": ".py",
   "mimetype": "text/x-python",
   "name": "python",
   "nbconvert_exporter": "python",
   "pygments_lexer": "ipython3",
   "version": "3.10.6"
  },
  "orig_nbformat": 4,
  "vscode": {
   "interpreter": {
    "hash": "ea1167cbcaad81cdbbc35255037ba90d13cf758e6bff12ff9eb1557202ecbe5c"
   }
  }
 },
 "nbformat": 4,
 "nbformat_minor": 2
}
